-0.23785760 -4.28429561
-0.11624735 8.62498104
-0.15927573 5.99703454
-0.11423344 -3.37850528
-0.12071963 4.74839020
0.83004730 1.34879768
-0.12968129 -9.67872666
0.48325793 -1.48970890
0.18223145 -9.41243130
-0.08710288 5.68353321
-0.15562664 9.61629677
-0.21572880 3.79888385
-0.20267773 5.59370756
0.50451490 1.95957020
-0.15704938 -4.30781077
-0.35091097 4.92509634
-0.36059756 3.87748495
0.78619652 -1.14953705
0.47923237 -1.61743384
0.26302637 -6.98457249
0.86012200 0.80584050
-0.07285217 -6.07279467
-0.33204948 4.98365343
-0.06359150 4.31320495
-0.04771255 4.08994087
-0.37445000 4.72574706
-0.06445814 3.13374290
0.20517686 7.82192294
0.86306173 -0.17840980
-0.06885537 -3.16445584
-0.03562564 9.25417475
0.06176361 -7.50111358
0.09068022 -5.82775478
-0.04761939 -6.90059658
-0.14389752 6.15209731
0.26711274 -8.65266852
0.97853948 -0.18793645
0.56236360 1.96836351
-0.00683426 -2.69959654
-0.27000000 3.77117822
0.13393376 7.13814291
0.05265720 8.01276937
0.22550439 9.02991086
0.15979562 8.00093648
-0.19551205 -9.86926147
-0.06089042 -9.16135594
-0.01954348 7.41784355
0.89394227 -1.11198837
0.89603747 -1.14918935
0.06716746 -3.38802758
-0.06853048 8.79346212
-0.24018631 4.25682525
0.18930001 8.77814043
0.81988239 0.61911881
0.04827116 -9.56394036
-0.06453611 6.40782162
-0.13626923 -4.25007884
0.04253569 7.34759332
0.28760227 7.20421624
0.73320706 1.01264737
0.96199012 -0.85523004
-0.05013077 7.00048867
0.00993646 -3.04443296
-0.10764054 -5.23078003
-0.11817181 -8.98124383
0.12135024 -7.30083004
0.53958120 1.56266752
0.07041028 8.08738868
-0.10384423 5.42332744
0.00009761 4.08286227
0.45964581 -1.55177885
-0.06484543 9.15713109
-0.25935336 5.11178488
0.04866941 -2.67993042
0.89123371 1.01228284
-0.03100453 -5.57141111
-0.18776162 -4.88110414
-0.38268485 4.70506878
-0.27976308 -3.68909555
0.71772190 -1.55189390
-0.26116015 4.96883942
0.20553431 -2.93821933
0.99874704 -1.07082945
0.11175515 -9.32129856
-0.40587684 4.56028902
0.36742957 2.42751715
0.05928265 -7.48410601
0.02244118 -5.69088154
-0.29950340 -3.83245461
0.05934452 -9.38096181
-0.19415888 -5.97089815
0.20878931 -8.65140421
-0.18277041 -9.99695501
0.01884569 2.72858900
-0.17667572 6.05507883
0.37912737 -2.11323869
-0.05862148 -4.74528300
-0.21421303 -4.32343288
-0.18458675 4.27288646
-0.19200183 -6.11710623
0.60165801 1.60160878
-0.10495631 -5.05055086
0.26719732 8.71813595
0.68766455 1.29113655
-0.02664627 7.59218182
-0.13814098 9.85352277
0.25180116 8.92505831
1.10411761 -0.43247433
0.22509716 -7.50011519
0.18041576 -8.71688029
0.52886706 -2.26670239
0.94212020 1.16491383
0.15441396 8.44858450
0.23934435 8.68616923
0.15683714 6.49623876
0.04955126 -6.32835750
0.53749522 -2.13783813
-0.02575133 8.25564294
0.85332221 0.68340585
0.85276117 -0.97076802
-0.25521727 -4.28806933
0.17029015 2.45548195
0.16815793 -6.36455027
0.01273075 8.54291857
-0.08129120 4.27947252
-0.07317266 6.64735540
1.13959635 -0.07034795
-0.06432776 9.26433771
-0.10734294 6.86628400
0.07676930 -7.72204887
0.02802277 8.72358541
-0.01285160 3.76728689
-0.00116111 -3.85776417
0.01382873 7.21309105
0.08037496 8.96916989
-0.19976339 3.63682457
0.74406895 1.26390206
0.19114156 -7.00051822
0.03799445 9.72420527
-0.17169932 6.30047720
0.27289590 8.24439954
-0.05083622 3.67931804
-0.20438962 -3.93938419
-0.34613511 4.63594838
-0.25082388 -4.47579295
0.12245032 2.30477448
-0.18123284 -4.10295760
1.00360321 0.36550941
-0.38278804 4.77847567
-0.24733694 4.88042171
0.48670017 -1.93081116
0.21789884 -6.78143158
0.08612403 -9.55198066
0.22509874 -7.88242866
0.22096699 8.63998054
0.21433008 2.31098913
0.10688155 2.66568017
0.14234546 -9.86625696
-0.23876705 -5.70268645
-0.05538204 -8.37993549
0.23264389 -6.77070351
-0.03727223 -8.16392873
0.21519862 -7.31733398
0.17841016 -8.56407649
-0.36655642 -4.62305338
0.21833439 -9.19866590
-0.31866730 4.88160206
-0.04346261 8.89666272
-0.12252528 -5.57278925
0.36682193 2.01130740
0.83572175 -1.27813513
0.06691831 -6.52878901
0.05489950 -6.10212034
-0.17021881 -6.21758327
0.01113781 8.59783310
1.16536433 -0.18912396
0.09825339 5.92648829
0.04278653 -6.30401771
-0.13797796 -5.44430970
0.22377366 6.99616747
1.12413801 -0.11425859
-0.17295319 9.71477352
0.08288937 -6.55546764
0.16180029 9.00206127
0.40077808 -2.35329815
0.63088005 -1.04733282
-0.00382474 -2.80217386
0.05745529 -7.11065976
-0.01666916 6.33277832
0.16987687 -6.36577020
0.22729212 6.65945585
0.55018516 -1.87408714
0.72813410 -1.57098382
1.08563670 0.66508365
0.65104668 -1.39365047
-0.16904563 -9.95157385
-0.03374453 3.29318823
-0.03233489 -4.86424152
0.40854111 1.83846755
0.29627815 -2.84300757
0.81955703 0.96107359
-0.20307109 5.61377142
0.87667615 1.17760678
-0.17148488 -3.96615323
0.84979383 -0.78770351
0.05332841 8.41836639
0.01523817 7.72362070
0.26523794 7.58947629
-0.16939972 9.40686184
-0.24223218 5.04610355
-0.18313236 -9.68913419
0.12383094 9.84683840
0.69075537 -0.88473669
0.86339432 0.40996510
0.05396822 -8.22213953
0.06012337 5.70209156
-0.22149234 4.35387662
0.75190052 0.90803143
-0.27457929 4.88271376
0.00792917 3.74646587
0.15906092 2.22587102
-0.02533918 -8.35316956
0.36322618 -2.45995089
0.36801858 -1.90060703
-0.14904496 3.74755998
0.41570056 -1.89970635
0.96293388 1.08933350
0.42560532 2.36530960
0.80337265 -1.65076491
0.03339154 6.89757514
0.83550577 1.03019835
0.09617599 6.26299551
-0.18172015 -3.69209997
0.28200185 7.18726036
-0.13321876 -5.65269895
-0.05480515 -7.69288659
-0.02716343 -8.28256985
0.02914890 -6.90734846
-0.21572287 6.04360130
0.15186822 9.28944469
0.12016313 -6.06415726
-0.29531178 5.56099179
-0.12381264 -9.47034283
-0.03667809 -7.72242249
0.02673436 -6.26754833
0.06806964 8.50810570
0.67873908 0.99419874
0.11543237 -9.37653485
0.21949236 7.53110873
-0.09656981 9.00424656
1.02672700 -0.34398328
0.84503078 -1.34197231
0.41116872 2.39615379
-0.19639127 -5.39487593
-0.06648468 4.01096957
-0.19587771 9.61985006
-0.09953318 -6.72969604
0.31414981 2.61569217
0.12494330 2.83582486
0.30438343 2.73054414
-0.15749160 9.74429535
0.47372359 -2.26172072
-0.38448923 -4.76550974
0.92549188 -0.84382726
-0.04760702 -7.71251516
-0.00121214 -2.83790289
-0.20758753 5.70698008
-0.27232393 -3.89768981
-0.17598265 4.61347999
0.15990052 2.90155703
0.24001962 6.78731129
1.03415094 0.41220526
0.34689238 -2.37181694
0.24857842 2.38490500
0.35628051 2.09520434
0.89942465 0.71109338
-0.08039542 4.60223293
0.20635800 -2.47373431
0.28258027 -7.56516240
0.29809222 -2.66155363
0.11803452 6.21559430
0.27105043 7.95407927
-0.03977540 -3.06571472
-0.20096367 -9.68194017
-0.09320778 -9.42433309
-0.06979450 6.99284546
0.13586964 8.79118059
0.01489024 5.25411539
0.07417126 9.31605298
0.96301221 -0.14564846
0.70719946 1.09886310
-0.02784450 3.04474352
0.07590210 9.46258116
0.11633052 8.07459309
0.12033153 -9.49910533
0.60233337 1.48646043
-0.37865860 4.58751502
0.22334294 -6.96659392
0.01536018 -9.01035151
0.82336300 0.69877369
