0.06629759 -9.20263944
1.03085009 -0.00040506
0.10336183 -5.79331151
0.78736235 -0.48018533
0.10743228 3.08098748
0.20440586 -9.02054416
-0.01410189 7.16626692
0.18222633 -9.20983466
0.24408210 2.81109648
1.06362022 0.12869084
0.71078213 1.54231824
0.14124278 7.58109328
-0.13607306 -6.31293105
-0.00531406 -5.97085323
0.06923064 -7.36079093
0.00036170 6.44413529
-0.17278663 4.70686003
0.27824055 7.86975133
-0.08023460 -6.80630239
0.83764100 -1.55416042
0.35006390 2.57815462
0.45926894 1.93562622
-0.06555157 -4.08521063
-0.18920303 5.64048036
0.30090798 -2.36455531
0.07291960 9.69542384
-0.11166811 -5.89744040
-0.20701089 5.59500590
-0.01108458 6.90039604
0.93607996 -0.77429743
-0.14187737 3.58250913
-0.07753580 5.94309761
0.03291159 -5.28850382
-0.07084936 5.04459436
-0.01376505 8.40124336
0.13383003 9.89276800
-0.04848601 7.65926146
0.80880787 0.06803811
-0.16131324 -9.88239586
-0.11013592 -9.69827229
0.06697201 -8.08126328
0.04984821 5.73920383
0.99592895 1.07185186
-0.39054395 4.39038272
-0.17485019 -5.43043037
0.14656880 -9.74616205
0.01642779 -7.59552301
-0.00666816 2.65956495
-0.22472083 -9.69578403
-0.04607567 8.80531603
0.01565829 9.99131604
0.11910770 -2.43562844
0.20809634 7.90411658
0.49455343 1.80100092
0.00543261 6.70111336
1.16439091 -0.35308212
-0.09962210 -8.81117914
0.80063457 -0.79327456
-0.16333808 -3.62578948
0.19611640 8.20320897
0.22419422 7.95722276
-0.14601059 3.02336177
-0.07127451 -5.07893755
-0.22760573 -5.31950912
0.81654824 0.96869990
0.22723419 -2.14353282
-0.24223109 5.09589567
0.24165854 -2.14854500
-0.29137040 -4.69158924
0.20439457 -3.06217550
0.18564681 8.68525286
0.35839071 -2.52293559
0.82568197 -0.34947083
-0.28410997 -5.23570792
0.97319871 0.62498118
-0.27623262 -5.79756512
-0.29047340 -4.09585875
0.99753593 0.63971904
0.87646961 0.15168602
1.07423741 -0.01758986
-0.04406522 8.22995037
-0.23706186 4.60686815
-0.02532247 7.99424362
-0.02220259 6.09849661
0.73153558 -1.04131595
-0.29307469 -5.29988525
0.04886596 -8.65752552
-0.19025476 -4.31602481
0.63731514 -1.36524144
0.96528140 -0.89751315
-0.08078087 9.58703757
-0.09135731 8.53811290
0.43902344 1.95147478
0.52323342 1.67359712
0.07168890 -7.73855887
0.26936530 -2.01600588
0.16005916 8.85758515
-0.26250607 -5.71350678
-0.03702109 -6.59095236
-0.00750912 -3.06230752
0.35974932 2.40378520
0.63817523 -1.28529430
0.70985073 -1.68343858
-0.10857134 -4.29607464
0.05596016 8.10178987
-0.24207651 3.65555686
0.20962606 -7.91473878
0.06925143 -8.33043007
0.14690858 -9.73212024
0.16501819 8.37523153
0.02006977 -2.64854148
0.75350930 -1.55950032
0.73834812 1.51419152
-0.15746885 -6.27953890
-0.13110172 -9.55547285
0.16756285 3.16001118
0.77172610 -0.82701281
-0.23032088 -6.00022376
-0.01796104 -6.06960947
-0.37047761 3.87148247
-0.16612966 4.94834301
0.85788357 0.86668569
1.09462704 0.51712572
0.55021481 -1.86571167
0.61854861 1.13944630
-0.14068171 4.61261798
-0.35074008 -4.12976312
0.07854353 5.69110240
-0.08913720 -8.48362241
1.02956598 -0.56639074
0.55363075 -2.01687779
0.19392715 8.22223436
0.64659137 -1.43955502
0.21353061 8.90168279
0.48188050 -1.90941432
-0.12963327 -5.15006670
-0.02419565 7.45238423
1.13169239 -0.12023412
0.63235079 -1.52852303
0.99560974 1.04732922
-0.08084021 -5.02862025
-0.31771440 -4.85682205
-0.22270458 -5.80529149
0.46482144 1.61246658
-0.04930525 6.70301744
-0.01253880 7.05319995
-0.02066606 2.87794167
-0.04921061 9.70015531
-0.09221825 9.57963868
-0.00659393 3.65252311
-0.06013643 5.70955494
0.18726203 -3.02404192
-0.01690083 5.61029386
0.11891872 -9.07205323
0.20864610 -2.94334721
-0.04928419 -2.86004350
-0.02692699 -7.40529923
-0.03966919 9.64492556
0.50543910 -1.68492312
0.57922260 -1.87029468
-0.21144791 5.65381462
0.61160493 -1.33591848
0.69877359 1.52556267
0.08873734 3.00936664
0.20709747 -9.33978421
0.68540984 -1.91976627
0.11565666 9.17888474
0.62491387 1.91039578
0.02602729 8.66156894
-0.06928513 8.74081604
-0.06689973 5.11478264
0.96063798 0.77828371
0.22762456 6.48582663
0.07398549 -9.78506306
-0.00984689 4.93037923
-0.01615899 -7.93930457
0.12962418 -9.03178432
-0.08453374 -6.28617762
0.99276851 -0.54320581
-0.05080486 -9.80728752
0.13508265 7.16360975
1.11993953 -0.53020947
0.06062775 -7.00130500
-0.34701112 -5.09090709
0.16696863 -8.86417713
-0.11534732 -5.89510404
0.91787127 -0.69021722
0.81866463 -0.78049644
0.09925348 -2.97887851
0.92324641 -1.17994456
-0.02281473 -3.41185932
0.68690848 1.44194533
0.12703466 9.84706589
-0.27630105 4.35701649
-0.06394904 -2.78008901
0.50217600 1.45457062
0.40274644 -2.39330768
0.40363208 -2.55833468
0.75589715 -1.51450712
-0.29182588 4.86253781
0.20588069 -2.79839028
0.06627917 2.52978505
0.26465911 7.05739396
0.24121752 -7.59950498
-0.10427740 -6.51314678
0.01288919 9.01255595
0.16885629 9.55002949
-0.31967756 -4.95990250
-0.30401959 -4.30759067
-0.10990559 6.76572644
-0.18015809 6.04201481
0.03016724 -2.60077349
0.22579802 -2.74378038
-0.38867242 -4.56517439
-0.19721296 -4.81061386
0.06608713 9.88788753
-0.13361189 -9.07473357
-0.04197170 3.52666246
0.97375773 0.03369295
0.08604276 -7.73423991
0.94492907 -0.77370678
-0.01709449 4.37261017
-0.12596225 9.21205614
0.82443964 0.57800214
0.23051746 8.70833398
-0.21257383 9.79173893
0.75676936 -0.68568251
0.18319007 -2.72407073
-0.06973897 -8.19328284
-0.07645860 6.88407515
0.53212490 -1.72587872
-0.16112167 5.14716893
0.70276715 1.08066783
0.91705474 -0.47519461
-0.04849430 -4.66819073
0.06103804 -7.29445054
0.11493295 -8.44598435
-0.03971525 6.93186896
-0.09938302 -3.25914065
0.04514245 3.47987617
0.31192531 -7.91134495
0.57808330 1.74731742
0.28339221 -7.70394157
-0.09064227 -5.01309306
0.43228502 -1.71654561
-0.41162041 4.30933482
0.23766366 7.39341161
0.00961890 6.30855810
-0.25763505 -5.35101547
0.10365629 -3.07329536
0.08319610 9.21224728
-0.03880317 -3.97374400
0.02463357 -6.91607457
-0.26912143 4.88872978
-0.29718645 -4.34210362
-0.27584988 -3.42321132
-0.14041426 -9.97336201
0.89220323 1.27827005
0.66497955 -1.11732667
0.09042877 -6.77274055
-0.37225094 4.06924146
1.01415810 0.88062164
-0.01477831 -4.90760558
0.31501806 -2.13778307
-0.28740742 -5.10761823
0.77663375 1.65377978
0.18844741 -8.94513054
0.54658395 2.04585349
0.02720360 -9.20058382
0.14639221 7.24820362
0.03579282 -3.13780277
0.09652783 -7.75533066
0.64486859 1.86853159
0.05974365 2.60153487
-0.26458613 5.62760857
-0.20207741 4.73028258
-0.05364730 5.83194299
-0.07850333 2.97422675
-0.02771261 8.23816641
0.22576883 2.12152188
-0.23842903 4.72891185
-0.21544979 4.26503050
-0.35886998 3.79974387
0.00650471 8.39739743
-0.05936309 9.39091865
-0.27535671 -3.42147858
0.19990388 -8.10368530
0.11491093 6.13065449
-0.16608596 3.65469604
0.16253155 -6.53506050
1.17209773 -0.37980104
0.04105893 8.78676992
0.29767170 -7.23855294
-0.04202008 3.19307941
-0.14369931 -6.11921492
0.10804894 2.52967955
0.37759735 2.41470133
0.96113378 -1.18045635
0.13244407 3.17894667
0.78661781 -1.05695570
