0.27737333 7.03208798
-0.21587474 4.14650335
0.77564787 -1.42907818
0.27603413 2.40394015
0.05690115 2.82384621
0.17383206 7.75500228
0.01756459 9.87208938
-0.33105824 4.56707606
1.02122504 0.11645554
0.22603079 -9.02142045
0.28110174 -7.83562726
0.29633152 7.16592632
0.16017225 8.31888972
-0.12137152 3.43319686
0.88559292 -0.75328854
-0.17606955 9.22779459
0.03554835 -8.40165515
0.43991408 -2.28173043
0.03321243 -9.67127580
0.50390982 1.83814300
0.89335378 1.36472613
0.15823568 -9.75458619
0.53956015 1.79610620
0.09795791 -2.79566936
0.11205827 -9.49130658
-0.16708629 9.57159522
0.25038313 -7.35611839
0.93649723 1.01153130
0.14941014 7.26876175
-0.21233638 3.65081378
0.04735060 -9.30061606
0.80801441 -1.19604248
0.65809271 -1.20345747
-0.33117950 5.32223443
-0.16233606 9.99678572
-0.00858162 -4.85068023
0.25092491 7.71628642
-0.13760603 -9.00556858
-0.04939021 -3.36688459
-0.31033508 4.59107369
1.00353407 -0.02596452
0.89389362 0.93319190
-0.30894704 -5.50721277
0.27647699 -7.54038667
0.97906477 -0.29576019
0.00216066 7.48084583
0.30142453 2.82850501
0.99175908 -1.03525471
0.16509611 -7.25712493
0.05617677 -7.17681475
0.14801203 9.65191575
0.15803640 9.43768519
0.51622898 -1.42214905
-0.34398029 5.12077020
0.68179901 1.17181299
-0.24407312 5.13308788
0.13189374 9.51840186
-0.16567369 -9.16251902
-0.04260002 -2.97993001
1.05254249 -0.46704075
-0.13131553 -6.50129337
0.23390088 -2.88190913
-0.00508659 7.76938933
0.06450804 -8.61693902
0.03112028 -8.14505131
-0.04697485 -5.88391638
0.51108203 2.30397960
-0.35756096 -4.53135899
-0.04851639 4.95570745
-0.17890878 -3.88547339
-0.11947202 5.30888722
-0.39565661 -4.94228537
-0.08621793 3.42031951
0.21228817 -7.36171785
0.07632280 8.84896795
1.00208352 -1.10833634
0.10517804 -2.84009322
-0.13236316 -6.60398084
0.84412788 -0.01851869
0.84287891 -0.95667599
-0.05545846 -8.67568040
0.11051544 7.75763349
0.16382418 8.15568252
-0.25823732 5.65308657
0.78137073 -0.56112882
-0.25192683 5.92284608
-0.03967164 7.51294777
-0.12108445 3.44503124
0.06288324 -8.59234529
0.26785739 -7.51056190
0.56410765 -1.49267633
0.03314672 5.65331537
0.49823773 1.78293090
0.75664294 -0.55728187
0.10921155 -9.32423057
-0.11623783 -6.39852929
-0.10990005 8.63639318
0.56863415 1.81528018
1.11696511 0.12671015
-0.03510543 -5.63122287
-0.03934178 9.04102072
0.15096197 -2.75480972
0.75919781 -0.82906491
0.06231170 6.61620276
-0.19302701 5.81330059
0.85747591 -1.17954533
0.20271336 2.48067588
-0.07419454 9.11016513
-0.00898283 3.26957317
-0.36162520 -4.67018113
-0.30319045 4.46309680
0.59976918 1.22155773
-0.04794466 9.45961335
-0.03894516 -3.98254711
1.04410066 -0.05959003
-0.26722267 -4.32091783
0.15069333 -8.51583990
0.17506139 -7.77205625
0.02951554 -8.49386128
-0.18200854 9.92384055
0.63614197 1.99195360
-0.07955068 5.77936027
0.29343065 7.22537279
0.02699356 6.54136533
0.24567675 8.73847464
0.13191617 -9.28293079
0.10834004 -7.20578426
-0.41173904 4.50884162
0.01921110 7.44188338
0.20709192 -2.51793457
0.05471069 -5.67624966
0.82225332 1.52020198
0.04290126 -9.48706490
0.01951689 -9.12990151
0.20877737 8.66898568
0.41407968 -1.96696143
-0.03016803 5.69841536
-0.23685919 -5.14742863
0.22968173 2.17085450
0.11373225 7.86367819
0.01901353 2.58839723
0.11401441 8.48293743
0.13754597 9.91609143
-0.03247736 -6.99820255
-0.19152418 -9.50406200
0.09154853 8.22528196
0.05583084 -7.04005083
0.30273063 -8.20113885
-0.14590463 4.31387198
0.12512288 -6.49971183
-0.08282379 -6.80556820
0.96865790 -0.42135712
0.21865185 8.97463303
-0.13732243 4.82140283
-0.11780185 3.44666924
0.01353855 -8.59309504
0.02353913 -3.87789029
0.17445449 8.73666111
0.03597508 7.13874007
0.07911617 7.81694761
0.58042827 1.77173838
0.15940407 -6.74827345
-0.00597510 -6.47909760
-0.15077201 4.95127229
0.24450553 8.90571632
0.13676595 3.15959578
0.83070635 0.87663954
0.38431045 1.95306177
-0.02217730 -5.30794216
0.01440055 6.39535463
-0.09680434 5.76991067
0.40713645 1.78119226
0.59043763 -1.27480444
0.76422140 0.99478856
0.26126413 -2.94062588
-0.21647975 9.91582387
0.06301085 -2.70072800
-0.04402014 9.32348983
0.04888712 -9.50518254
-0.28098760 5.55678228
0.58782931 -1.19635761
0.11888922 2.60999857
0.03481412 -3.71950608
0.26111849 8.43630569
-0.03178254 -5.53350759
0.29740368 -2.51027456
-0.12051045 -3.83711235
-0.09505566 -9.24355052
0.49266727 2.10339349
-0.06239034 6.71728739
0.71342304 1.76504466
-0.03056216 -2.73090409
0.03960275 -7.20229633
0.26957131 -7.66932557
-0.17197257 9.62434868
0.98809732 0.83384698
0.09968462 -8.26980183
-0.28117360 -4.87807544
-0.03842558 -5.80449978
-0.25972148 -3.70780393
0.19914330 8.07503192
0.89009650 0.41392614
-0.05596727 -6.75527980
0.03416368 -7.12775585
0.24774355 -8.71893849
0.16913485 7.09290917
0.09378242 9.48913571
0.27623332 8.58050207
0.50809208 -1.80959557
0.04357948 8.03222440
1.12590348 -0.31005542
0.89863205 -0.60652320
0.14680916 -6.64343602
0.16226089 -8.34283054
0.31894163 2.66322510
-0.20144109 -3.78042165
1.12368708 -0.67291931
-0.15773596 -5.77861156
-0.23595818 -9.97108561
-0.11626216 5.95222530
0.31456429 -2.63905148
0.10101372 -9.69724856
-0.28196125 4.29956933
0.05847057 -5.62842476
-0.10498156 3.77434539
-0.35498391 -5.07985557
-0.14214557 -4.67830291
0.06331380 -7.35858352
-0.13032128 -3.11579329
-0.36301030 5.08779968
0.25373595 7.78477293
-0.05312259 4.20872753
-0.37989690 -5.07049950
0.74965319 -0.97221303
-0.09542837 8.62448549
0.25919437 2.31335160
-0.25581244 -4.83420039
0.26940950 2.62206348
-0.20125090 3.91064388
0.63807798 -1.92680244
-0.14345860 -6.13036285
-0.32786915 -3.85851551
-0.27626691 3.85909027
0.23954903 2.60719131
-0.15312499 -5.00352022
0.04566075 -9.13155965
0.99615078 0.62902907
0.13305670 -6.47597104
0.89067431 0.43804075
0.04017807 7.42564271
0.34358705 2.27225652
-0.12846926 -4.57135757
0.26646915 7.09079220
0.00799865 -6.85079721
-0.31679456 -4.81162724
-0.23173955 3.41160961
-0.20151432 -5.48085214
-0.14785929 6.51933059
-0.17259505 -3.51807435
0.83449922 -0.23226848
-0.12641464 5.27447507
-0.05575999 4.75351005
0.30966881 2.72051892
-0.17596157 -5.01718122
-0.11124714 4.68633656
-0.05457398 -3.20989724
-0.37274262 -3.94464323
0.00374735 -7.45716022
-0.14650134 -9.79719403
0.11732331 8.49857554
-0.05442826 8.20012391
0.26767552 -2.35704176
-0.16128108 4.02784132
0.04922077 3.44683858
0.19303648 -7.44651740
0.07463718 -5.98061923
-0.04807311 8.05653087
0.15600644 7.83672617
0.10420381 -2.44636530
-0.10595476 -4.99614197
0.35814837 2.05402960
0.31107663 2.50901091
0.13182636 -9.60634221
-0.18132201 6.39465205
0.95044562 0.35889143
0.05091727 8.18868488
0.24204289 -7.62750065
0.16235414 8.92298083
0.15390957 8.54089635
0.07581734 -8.10389978
0.48066664 -1.69485222
-0.26116903 -3.54275367
-0.02977431 6.92507119
0.09901978 8.95900639
-0.17940016 4.58441155
0.04786901 3.67699450
0.11492683 2.82823811
0.03664620 -3.68234799
-0.32248105 4.64293547
0.10170161 -6.84703181
