-0.23785760 -4.28429561
-0.11624735 8.62498104
-0.15927573 5.99703454
-0.11423344 -3.37850528
-0.12071963 4.74839020
0.83004730 1.34879768
-0.12968129 -9.67872666
0.48325793 -1.48970890
0.18223145 -9.41243130
-0.08710288 5.68353321
-0.15562664 9.61629677
-0.21572880 3.79888385
-0.20267773 5.59370756
0.50451490 1.95957020
-0.15704938 -4.30781077
-0.35091097 4.92509634
-0.36059756 3.87748495
0.78619652 -1.14953705
0.47923237 -1.61743384
0.26302637 -6.98457249
0.86012200 0.80584050
-0.07285217 -6.07279467
-0.33204948 4.98365343
-0.06359150 4.31320495
-0.04771255 4.08994087
-0.37445000 4.72574706
-0.06445814 3.13374290
0.20517686 7.82192294
0.86306173 -0.17840980
-0.06885537 -3.16445584
-0.03562564 9.25417475
0.06176361 -7.50111358
0.09068022 -5.82775478
-0.04761939 -6.90059658
-0.14389752 6.15209731
0.26711274 -8.65266852
0.97853948 -0.18793645
0.56236360 1.96836351
-0.00683426 -2.69959654
-0.27000000 3.77117822
0.13393376 7.13814291
0.05265720 8.01276937
0.22550439 9.02991086
0.15979562 8.00093648
-0.19551205 -9.86926147
-0.06089042 -9.16135594
-0.01954348 7.41784355
0.89394227 -1.11198837
0.89603747 -1.14918935
0.06716746 -3.38802758
-0.06853048 8.79346212
-0.24018631 4.25682525
0.18930001 8.77814043
0.81988239 0.61911881
0.04827116 -9.56394036
-0.06453611 6.40782162
-0.13626923 -4.25007884
0.04253569 7.34759332
0.28760227 7.20421624
0.73320706 1.01264737
0.96199012 -0.85523004
-0.05013077 7.00048867
0.00993646 -3.04443296
-0.10764054 -5.23078003
-0.11817181 -8.98124383
0.12135024 -7.30083004
0.53958120 1.56266752
0.07041028 8.08738868
-0.10384423 5.42332744
0.00009761 4.08286227
0.45964581 -1.55177885
-0.06484543 9.15713109
-0.25935336 5.11178488
0.04866941 -2.67993042
0.89123371 1.01228284
-0.03100453 -5.57141111
-0.18776162 -4.88110414
-0.38268485 4.70506878
-0.27976308 -3.68909555
0.71772190 -1.55189390
-0.26116015 4.96883942
0.20553431 -2.93821933
0.99874704 -1.07082945
0.11175515 -9.32129856
-0.40587684 4.56028902
0.36742957 2.42751715
0.05928265 -7.48410601
0.02244118 -5.69088154
-0.29950340 -3.83245461
0.05934452 -9.38096181
-0.19415888 -5.97089815
0.20878931 -8.65140421
-0.18277041 -9.99695501
0.01884569 2.72858900
-0.17667572 6.05507883
0.37912737 -2.11323869
-0.05862148 -4.74528300
-0.21421303 -4.32343288
-0.18458675 4.27288646
-0.19200183 -6.11710623
0.60165801 1.60160878
-0.10495631 -5.05055086
0.26719732 8.71813595
0.68766455 1.29113655
-0.02664627 7.59218182
-0.13814098 9.85352277
0.25180116 8.92505831
1.10411761 -0.43247433
0.22509716 -7.50011519
0.18041576 -8.71688029
0.52886706 -2.26670239
0.94212020 1.16491383
0.15441396 8.44858450
0.23934435 8.68616923
0.15683714 6.49623876
0.04955126 -6.32835750
0.53749522 -2.13783813
-0.02575133 8.25564294
0.85332221 0.68340585
0.85276117 -0.97076802
-0.25521727 -4.28806933
0.17029015 2.45548195
0.16815793 -6.36455027
0.01273075 8.54291857
-0.08129120 4.27947252
-0.07317266 6.64735540
1.13959635 -0.07034795
-0.06432776 9.26433771
-0.10734294 6.86628400
0.07676930 -7.72204887
0.02802277 8.72358541
-0.01285160 3.76728689
-0.00116111 -3.85776417
0.01382873 7.21309105
0.08037496 8.96916989
-0.19976339 3.63682457
0.74406895 1.26390206
0.19114156 -7.00051822
0.03799445 9.72420527
-0.17169932 6.30047720
0.27289590 8.24439954
-0.05083622 3.67931804
-0.20438962 -3.93938419
-0.34613511 4.63594838
-0.25082388 -4.47579295
0.12245032 2.30477448
-0.18123284 -4.10295760
1.00360321 0.36550941
-0.38278804 4.77847567
-0.24733694 4.88042171
0.48670017 -1.93081116
0.21789884 -6.78143158
0.08612403 -9.55198066
0.22509874 -7.88242866
0.22096699 8.63998054
0.21433008 2.31098913
0.10688155 2.66568017
0.14234546 -9.86625696
-0.23876705 -5.70268645
-0.05538204 -8.37993549
0.23264389 -6.77070351
-0.03727223 -8.16392873
0.21519862 -7.31733398
0.17841016 -8.56407649
-0.36655642 -4.62305338
0.21833439 -9.19866590
-0.31866730 4.88160206
-0.04346261 8.89666272
-0.12252528 -5.57278925
0.36682193 2.01130740
0.83572175 -1.27813513
0.06691831 -6.52878901
0.05489950 -6.10212034
-0.17021881 -6.21758327
0.01113781 8.59783310
1.16536433 -0.18912396
0.09825339 5.92648829
0.04278653 -6.30401771
-0.13797796 -5.44430970
0.22377366 6.99616747
1.12413801 -0.11425859
-0.17295319 9.71477352
0.08288937 -6.55546764
0.16180029 9.00206127
0.40077808 -2.35329815
0.63088005 -1.04733282
-0.00382474 -2.80217386
0.05745529 -7.11065976
-0.01666916 6.33277832
0.16987687 -6.36577020
0.22729212 6.65945585
0.55018516 -1.87408714
0.72813410 -1.57098382
1.08563670 0.66508365
0.65104668 -1.39365047
-0.16904563 -9.95157385
-0.03374453 3.29318823
-0.03233489 -4.86424152
0.40854111 1.83846755
0.29627815 -2.84300757
0.81955703 0.96107359
-0.20307109 5.61377142
0.87667615 1.17760678
-0.17148488 -3.96615323
0.84979383 -0.78770351
0.05332841 8.41836639
0.01523817 7.72362070
0.26523794 7.58947629
-0.16939972 9.40686184
-0.24223218 5.04610355
-0.18313236 -9.68913419
0.12383094 9.84683840
0.69075537 -0.88473669
0.86339432 0.40996510
0.05396822 -8.22213953
0.06012337 5.70209156
-0.22149234 4.35387662
0.75190052 0.90803143
-0.27457929 4.88271376
0.00792917 3.74646587
0.15906092 2.22587102
-0.02533918 -8.35316956
0.36322618 -2.45995089
0.36801858 -1.90060703
-0.14904496 3.74755998
0.41570056 -1.89970635
0.96293388 1.08933350
0.42560532 2.36530960
0.80337265 -1.65076491
0.03339154 6.89757514
0.83550577 1.03019835
0.09617599 6.26299551
-0.18172015 -3.69209997
0.28200185 7.18726036
-0.13321876 -5.65269895
-0.05480515 -7.69288659
-0.02716343 -8.28256985
0.02914890 -6.90734846
-0.21572287 6.04360130
0.15186822 9.28944469
0.12016313 -6.06415726
-0.29531178 5.56099179
-0.12381264 -9.47034283
-0.03667809 -7.72242249
0.02673436 -6.26754833
0.06806964 8.50810570
0.67873908 0.99419874
0.11543237 -9.37653485
0.21949236 7.53110873
-0.09656981 9.00424656
1.02672700 -0.34398328
0.84503078 -1.34197231
0.41116872 2.39615379
-0.19639127 -5.39487593
-0.06648468 4.01096957
-0.19587771 9.61985006
-0.09953318 -6.72969604
0.31414981 2.61569217
0.12494330 2.83582486
0.30438343 2.73054414
-0.15749160 9.74429535
0.47372359 -2.26172072
-0.38448923 -4.76550974
0.92549188 -0.84382726
-0.04760702 -7.71251516
-0.00121214 -2.83790289
-0.20758753 5.70698008
-0.27232393 -3.89768981
-0.17598265 4.61347999
0.15990052 2.90155703
0.24001962 6.78731129
1.03415094 0.41220526
0.34689238 -2.37181694
0.24857842 2.38490500
0.35628051 2.09520434
0.89942465 0.71109338
-0.08039542 4.60223293
0.20635800 -2.47373431
0.28258027 -7.56516240
0.29809222 -2.66155363
0.11803452 6.21559430
0.27105043 7.95407927
-0.03977540 -3.06571472
-0.20096367 -9.68194017
-0.09320778 -9.42433309
-0.06979450 6.99284546
0.13586964 8.79118059
0.01489024 5.25411539
0.07417126 9.31605298
0.96301221 -0.14564846
0.70719946 1.09886310
-0.02784450 3.04474352
0.07590210 9.46258116
0.11633052 8.07459309
0.12033153 -9.49910533
0.60233337 1.48646043
-0.37865860 4.58751502
0.22334294 -6.96659392
0.01536018 -9.01035151
0.82336300 0.69877369
0.06629759 -9.20263944
1.03085009 -0.00040506
0.10336183 -5.79331151
0.78736235 -0.48018533
0.10743228 3.08098748
0.20440586 -9.02054416
-0.01410189 7.16626692
0.18222633 -9.20983466
0.24408210 2.81109648
1.06362022 0.12869084
0.71078213 1.54231824
0.14124278 7.58109328
-0.13607306 -6.31293105
-0.00531406 -5.97085323
0.06923064 -7.36079093
0.00036170 6.44413529
-0.17278663 4.70686003
0.27824055 7.86975133
-0.08023460 -6.80630239
0.83764100 -1.55416042
0.35006390 2.57815462
0.45926894 1.93562622
-0.06555157 -4.08521063
-0.18920303 5.64048036
0.30090798 -2.36455531
0.07291960 9.69542384
-0.11166811 -5.89744040
-0.20701089 5.59500590
-0.01108458 6.90039604
0.93607996 -0.77429743
-0.14187737 3.58250913
-0.07753580 5.94309761
0.03291159 -5.28850382
-0.07084936 5.04459436
-0.01376505 8.40124336
0.13383003 9.89276800
-0.04848601 7.65926146
0.80880787 0.06803811
-0.16131324 -9.88239586
-0.11013592 -9.69827229
0.06697201 -8.08126328
0.04984821 5.73920383
0.99592895 1.07185186
-0.39054395 4.39038272
-0.17485019 -5.43043037
0.14656880 -9.74616205
0.01642779 -7.59552301
-0.00666816 2.65956495
-0.22472083 -9.69578403
-0.04607567 8.80531603
0.01565829 9.99131604
0.11910770 -2.43562844
0.20809634 7.90411658
0.49455343 1.80100092
0.00543261 6.70111336
1.16439091 -0.35308212
-0.09962210 -8.81117914
0.80063457 -0.79327456
-0.16333808 -3.62578948
0.19611640 8.20320897
0.22419422 7.95722276
-0.14601059 3.02336177
-0.07127451 -5.07893755
-0.22760573 -5.31950912
0.81654824 0.96869990
0.22723419 -2.14353282
-0.24223109 5.09589567
0.24165854 -2.14854500
-0.29137040 -4.69158924
0.20439457 -3.06217550
0.18564681 8.68525286
0.35839071 -2.52293559
0.82568197 -0.34947083
-0.28410997 -5.23570792
0.97319871 0.62498118
-0.27623262 -5.79756512
-0.29047340 -4.09585875
0.99753593 0.63971904
0.87646961 0.15168602
1.07423741 -0.01758986
-0.04406522 8.22995037
-0.23706186 4.60686815
-0.02532247 7.99424362
-0.02220259 6.09849661
0.73153558 -1.04131595
-0.29307469 -5.29988525
0.04886596 -8.65752552
-0.19025476 -4.31602481
0.63731514 -1.36524144
0.96528140 -0.89751315
-0.08078087 9.58703757
-0.09135731 8.53811290
0.43902344 1.95147478
0.52323342 1.67359712
0.07168890 -7.73855887
0.26936530 -2.01600588
0.16005916 8.85758515
-0.26250607 -5.71350678
-0.03702109 -6.59095236
-0.00750912 -3.06230752
0.35974932 2.40378520
0.63817523 -1.28529430
0.70985073 -1.68343858
-0.10857134 -4.29607464
0.05596016 8.10178987
-0.24207651 3.65555686
0.20962606 -7.91473878
0.06925143 -8.33043007
0.14690858 -9.73212024
0.16501819 8.37523153
0.02006977 -2.64854148
0.75350930 -1.55950032
0.73834812 1.51419152
-0.15746885 -6.27953890
-0.13110172 -9.55547285
0.16756285 3.16001118
0.77172610 -0.82701281
-0.23032088 -6.00022376
-0.01796104 -6.06960947
-0.37047761 3.87148247
-0.16612966 4.94834301
0.85788357 0.86668569
1.09462704 0.51712572
0.55021481 -1.86571167
0.61854861 1.13944630
-0.14068171 4.61261798
-0.35074008 -4.12976312
0.07854353 5.69110240
-0.08913720 -8.48362241
1.02956598 -0.56639074
0.55363075 -2.01687779
0.19392715 8.22223436
0.64659137 -1.43955502
0.21353061 8.90168279
0.48188050 -1.90941432
-0.12963327 -5.15006670
-0.02419565 7.45238423
1.13169239 -0.12023412
0.63235079 -1.52852303
0.99560974 1.04732922
-0.08084021 -5.02862025
-0.31771440 -4.85682205
-0.22270458 -5.80529149
0.46482144 1.61246658
-0.04930525 6.70301744
-0.01253880 7.05319995
-0.02066606 2.87794167
-0.04921061 9.70015531
-0.09221825 9.57963868
-0.00659393 3.65252311
-0.06013643 5.70955494
0.18726203 -3.02404192
-0.01690083 5.61029386
0.11891872 -9.07205323
0.20864610 -2.94334721
-0.04928419 -2.86004350
-0.02692699 -7.40529923
-0.03966919 9.64492556
0.50543910 -1.68492312
0.57922260 -1.87029468
-0.21144791 5.65381462
0.61160493 -1.33591848
0.69877359 1.52556267
0.08873734 3.00936664
0.20709747 -9.33978421
0.68540984 -1.91976627
0.11565666 9.17888474
0.62491387 1.91039578
0.02602729 8.66156894
-0.06928513 8.74081604
-0.06689973 5.11478264
0.96063798 0.77828371
0.22762456 6.48582663
0.07398549 -9.78506306
-0.00984689 4.93037923
-0.01615899 -7.93930457
0.12962418 -9.03178432
-0.08453374 -6.28617762
0.99276851 -0.54320581
-0.05080486 -9.80728752
0.13508265 7.16360975
1.11993953 -0.53020947
0.06062775 -7.00130500
-0.34701112 -5.09090709
0.16696863 -8.86417713
-0.11534732 -5.89510404
0.91787127 -0.69021722
0.81866463 -0.78049644
0.09925348 -2.97887851
0.92324641 -1.17994456
-0.02281473 -3.41185932
0.68690848 1.44194533
0.12703466 9.84706589
-0.27630105 4.35701649
-0.06394904 -2.78008901
0.50217600 1.45457062
0.40274644 -2.39330768
0.40363208 -2.55833468
0.75589715 -1.51450712
-0.29182588 4.86253781
0.20588069 -2.79839028
0.06627917 2.52978505
0.26465911 7.05739396
0.24121752 -7.59950498
-0.10427740 -6.51314678
0.01288919 9.01255595
0.16885629 9.55002949
-0.31967756 -4.95990250
-0.30401959 -4.30759067
-0.10990559 6.76572644
-0.18015809 6.04201481
0.03016724 -2.60077349
0.22579802 -2.74378038
-0.38867242 -4.56517439
-0.19721296 -4.81061386
0.06608713 9.88788753
-0.13361189 -9.07473357
-0.04197170 3.52666246
0.97375773 0.03369295
0.08604276 -7.73423991
0.94492907 -0.77370678
-0.01709449 4.37261017
-0.12596225 9.21205614
0.82443964 0.57800214
0.23051746 8.70833398
-0.21257383 9.79173893
0.75676936 -0.68568251
0.18319007 -2.72407073
-0.06973897 -8.19328284
-0.07645860 6.88407515
0.53212490 -1.72587872
-0.16112167 5.14716893
0.70276715 1.08066783
0.91705474 -0.47519461
-0.04849430 -4.66819073
0.06103804 -7.29445054
0.11493295 -8.44598435
-0.03971525 6.93186896
-0.09938302 -3.25914065
0.04514245 3.47987617
0.31192531 -7.91134495
0.57808330 1.74731742
0.28339221 -7.70394157
-0.09064227 -5.01309306
0.43228502 -1.71654561
-0.41162041 4.30933482
0.23766366 7.39341161
0.00961890 6.30855810
-0.25763505 -5.35101547
0.10365629 -3.07329536
0.08319610 9.21224728
-0.03880317 -3.97374400
0.02463357 -6.91607457
-0.26912143 4.88872978
-0.29718645 -4.34210362
-0.27584988 -3.42321132
-0.14041426 -9.97336201
0.89220323 1.27827005
0.66497955 -1.11732667
0.09042877 -6.77274055
-0.37225094 4.06924146
1.01415810 0.88062164
-0.01477831 -4.90760558
0.31501806 -2.13778307
-0.28740742 -5.10761823
0.77663375 1.65377978
0.18844741 -8.94513054
0.54658395 2.04585349
0.02720360 -9.20058382
0.14639221 7.24820362
0.03579282 -3.13780277
0.09652783 -7.75533066
0.64486859 1.86853159
0.05974365 2.60153487
-0.26458613 5.62760857
-0.20207741 4.73028258
-0.05364730 5.83194299
-0.07850333 2.97422675
-0.02771261 8.23816641
0.22576883 2.12152188
-0.23842903 4.72891185
-0.21544979 4.26503050
-0.35886998 3.79974387
0.00650471 8.39739743
-0.05936309 9.39091865
-0.27535671 -3.42147858
0.19990388 -8.10368530
0.11491093 6.13065449
-0.16608596 3.65469604
0.16253155 -6.53506050
1.17209773 -0.37980104
0.04105893 8.78676992
0.29767170 -7.23855294
-0.04202008 3.19307941
-0.14369931 -6.11921492
0.10804894 2.52967955
0.37759735 2.41470133
0.96113378 -1.18045635
0.13244407 3.17894667
0.78661781 -1.05695570
0.27737333 7.03208798
-0.21587474 4.14650335
0.77564787 -1.42907818
0.27603413 2.40394015
0.05690115 2.82384621
0.17383206 7.75500228
0.01756459 9.87208938
-0.33105824 4.56707606
1.02122504 0.11645554
0.22603079 -9.02142045
0.28110174 -7.83562726
0.29633152 7.16592632
0.16017225 8.31888972
-0.12137152 3.43319686
0.88559292 -0.75328854
-0.17606955 9.22779459
0.03554835 -8.40165515
0.43991408 -2.28173043
0.03321243 -9.67127580
0.50390982 1.83814300
0.89335378 1.36472613
0.15823568 -9.75458619
0.53956015 1.79610620
0.09795791 -2.79566936
0.11205827 -9.49130658
-0.16708629 9.57159522
0.25038313 -7.35611839
0.93649723 1.01153130
0.14941014 7.26876175
-0.21233638 3.65081378
0.04735060 -9.30061606
0.80801441 -1.19604248
0.65809271 -1.20345747
-0.33117950 5.32223443
-0.16233606 9.99678572
-0.00858162 -4.85068023
0.25092491 7.71628642
-0.13760603 -9.00556858
-0.04939021 -3.36688459
-0.31033508 4.59107369
1.00353407 -0.02596452
0.89389362 0.93319190
-0.30894704 -5.50721277
0.27647699 -7.54038667
0.97906477 -0.29576019
0.00216066 7.48084583
0.30142453 2.82850501
0.99175908 -1.03525471
0.16509611 -7.25712493
0.05617677 -7.17681475
0.14801203 9.65191575
0.15803640 9.43768519
0.51622898 -1.42214905
-0.34398029 5.12077020
0.68179901 1.17181299
-0.24407312 5.13308788
0.13189374 9.51840186
-0.16567369 -9.16251902
-0.04260002 -2.97993001
1.05254249 -0.46704075
-0.13131553 -6.50129337
0.23390088 -2.88190913
-0.00508659 7.76938933
0.06450804 -8.61693902
0.03112028 -8.14505131
-0.04697485 -5.88391638
0.51108203 2.30397960
-0.35756096 -4.53135899
-0.04851639 4.95570745
-0.17890878 -3.88547339
-0.11947202 5.30888722
-0.39565661 -4.94228537
-0.08621793 3.42031951
0.21228817 -7.36171785
0.07632280 8.84896795
1.00208352 -1.10833634
0.10517804 -2.84009322
-0.13236316 -6.60398084
0.84412788 -0.01851869
0.84287891 -0.95667599
-0.05545846 -8.67568040
0.11051544 7.75763349
0.16382418 8.15568252
-0.25823732 5.65308657
0.78137073 -0.56112882
-0.25192683 5.92284608
-0.03967164 7.51294777
-0.12108445 3.44503124
0.06288324 -8.59234529
0.26785739 -7.51056190
0.56410765 -1.49267633
0.03314672 5.65331537
0.49823773 1.78293090
0.75664294 -0.55728187
0.10921155 -9.32423057
-0.11623783 -6.39852929
-0.10990005 8.63639318
0.56863415 1.81528018
1.11696511 0.12671015
-0.03510543 -5.63122287
-0.03934178 9.04102072
0.15096197 -2.75480972
0.75919781 -0.82906491
0.06231170 6.61620276
-0.19302701 5.81330059
0.85747591 -1.17954533
0.20271336 2.48067588
-0.07419454 9.11016513
-0.00898283 3.26957317
-0.36162520 -4.67018113
-0.30319045 4.46309680
0.59976918 1.22155773
-0.04794466 9.45961335
-0.03894516 -3.98254711
1.04410066 -0.05959003
-0.26722267 -4.32091783
0.15069333 -8.51583990
0.17506139 -7.77205625
0.02951554 -8.49386128
-0.18200854 9.92384055
0.63614197 1.99195360
-0.07955068 5.77936027
0.29343065 7.22537279
0.02699356 6.54136533
0.24567675 8.73847464
0.13191617 -9.28293079
0.10834004 -7.20578426
-0.41173904 4.50884162
0.01921110 7.44188338
0.20709192 -2.51793457
0.05471069 -5.67624966
0.82225332 1.52020198
0.04290126 -9.48706490
0.01951689 -9.12990151
0.20877737 8.66898568
0.41407968 -1.96696143
-0.03016803 5.69841536
-0.23685919 -5.14742863
0.22968173 2.17085450
0.11373225 7.86367819
0.01901353 2.58839723
0.11401441 8.48293743
0.13754597 9.91609143
-0.03247736 -6.99820255
-0.19152418 -9.50406200
0.09154853 8.22528196
0.05583084 -7.04005083
0.30273063 -8.20113885
-0.14590463 4.31387198
0.12512288 -6.49971183
-0.08282379 -6.80556820
0.96865790 -0.42135712
0.21865185 8.97463303
-0.13732243 4.82140283
-0.11780185 3.44666924
0.01353855 -8.59309504
0.02353913 -3.87789029
0.17445449 8.73666111
0.03597508 7.13874007
0.07911617 7.81694761
0.58042827 1.77173838
0.15940407 -6.74827345
-0.00597510 -6.47909760
-0.15077201 4.95127229
0.24450553 8.90571632
0.13676595 3.15959578
0.83070635 0.87663954
0.38431045 1.95306177
-0.02217730 -5.30794216
0.01440055 6.39535463
-0.09680434 5.76991067
0.40713645 1.78119226
0.59043763 -1.27480444
0.76422140 0.99478856
0.26126413 -2.94062588
-0.21647975 9.91582387
0.06301085 -2.70072800
-0.04402014 9.32348983
0.04888712 -9.50518254
-0.28098760 5.55678228
0.58782931 -1.19635761
0.11888922 2.60999857
0.03481412 -3.71950608
0.26111849 8.43630569
-0.03178254 -5.53350759
0.29740368 -2.51027456
-0.12051045 -3.83711235
-0.09505566 -9.24355052
0.49266727 2.10339349
-0.06239034 6.71728739
0.71342304 1.76504466
-0.03056216 -2.73090409
0.03960275 -7.20229633
0.26957131 -7.66932557
-0.17197257 9.62434868
0.98809732 0.83384698
0.09968462 -8.26980183
-0.28117360 -4.87807544
-0.03842558 -5.80449978
-0.25972148 -3.70780393
0.19914330 8.07503192
0.89009650 0.41392614
-0.05596727 -6.75527980
0.03416368 -7.12775585
0.24774355 -8.71893849
0.16913485 7.09290917
0.09378242 9.48913571
0.27623332 8.58050207
0.50809208 -1.80959557
0.04357948 8.03222440
1.12590348 -0.31005542
0.89863205 -0.60652320
0.14680916 -6.64343602
0.16226089 -8.34283054
0.31894163 2.66322510
-0.20144109 -3.78042165
1.12368708 -0.67291931
-0.15773596 -5.77861156
-0.23595818 -9.97108561
-0.11626216 5.95222530
0.31456429 -2.63905148
0.10101372 -9.69724856
-0.28196125 4.29956933
0.05847057 -5.62842476
-0.10498156 3.77434539
-0.35498391 -5.07985557
-0.14214557 -4.67830291
0.06331380 -7.35858352
-0.13032128 -3.11579329
-0.36301030 5.08779968
0.25373595 7.78477293
-0.05312259 4.20872753
-0.37989690 -5.07049950
0.74965319 -0.97221303
-0.09542837 8.62448549
0.25919437 2.31335160
-0.25581244 -4.83420039
0.26940950 2.62206348
-0.20125090 3.91064388
0.63807798 -1.92680244
-0.14345860 -6.13036285
-0.32786915 -3.85851551
-0.27626691 3.85909027
0.23954903 2.60719131
-0.15312499 -5.00352022
0.04566075 -9.13155965
0.99615078 0.62902907
0.13305670 -6.47597104
0.89067431 0.43804075
0.04017807 7.42564271
0.34358705 2.27225652
-0.12846926 -4.57135757
0.26646915 7.09079220
0.00799865 -6.85079721
-0.31679456 -4.81162724
-0.23173955 3.41160961
-0.20151432 -5.48085214
-0.14785929 6.51933059
-0.17259505 -3.51807435
0.83449922 -0.23226848
-0.12641464 5.27447507
-0.05575999 4.75351005
0.30966881 2.72051892
-0.17596157 -5.01718122
-0.11124714 4.68633656
-0.05457398 -3.20989724
-0.37274262 -3.94464323
0.00374735 -7.45716022
-0.14650134 -9.79719403
0.11732331 8.49857554
-0.05442826 8.20012391
0.26767552 -2.35704176
-0.16128108 4.02784132
0.04922077 3.44683858
0.19303648 -7.44651740
0.07463718 -5.98061923
-0.04807311 8.05653087
0.15600644 7.83672617
0.10420381 -2.44636530
-0.10595476 -4.99614197
0.35814837 2.05402960
0.31107663 2.50901091
0.13182636 -9.60634221
-0.18132201 6.39465205
0.95044562 0.35889143
0.05091727 8.18868488
0.24204289 -7.62750065
0.16235414 8.92298083
0.15390957 8.54089635
0.07581734 -8.10389978
0.48066664 -1.69485222
-0.26116903 -3.54275367
-0.02977431 6.92507119
0.09901978 8.95900639
-0.17940016 4.58441155
0.04786901 3.67699450
0.11492683 2.82823811
0.03664620 -3.68234799
-0.32248105 4.64293547
0.10170161 -6.84703181
