0.343536 
0.305374 
-0.382050 
0.025352 
0.071014 
0.809296 
-0.273834 
0.429749 
0.076859 
-0.172821 
-0.075500 
0.097229 
-0.322968 
-0.078705 
-0.087616 
0.002716 
-0.545349 
-0.317139 
0.545059 
0.185425 
2.064453 
-0.567047 
-0.198570 
0.548889 
0.252846 
-0.006134 
-0.157990 
-0.588562 
0.962036 
-0.652771 
-0.061005 
1.007782 
-0.416321 
-0.232864 
-0.095337 
-0.105530 
0.028671 
2.062790 
-0.206116 
-0.530937 
-0.082886 
0.265381 
-0.040283 
0.080658 
-0.009880 
1.068420 
-1.004639 
0.033173 
-0.682716 
-0.623779 
-0.249268 
-0.274841 
0.816833 
-0.278748 
0.329071 
-0.462219 
0.453552 
0.612183 
-0.094299 
-0.223022 
-0.184708 
-0.372772 
0.012115 
-0.447151 
-0.349567 
-0.252014 
0.629257 
-0.005493 
-0.230408 
0.411682 
-0.345505 
-0.561829 
0.020996 
0.786041 
0.437866 
0.043335 
0.149109 
-0.293884 
-0.708344 
0.774261 
0.251343 
0.758682 
0.602020 
-0.727661 
0.234505 
-0.970154 
0.505737 
0.555054 
0.388184 
-0.572357 
0.669983 
-0.962463 
0.040802 
0.443634 
0.527420 
-0.271362 
0.114746 
-0.367676 
0.237839 
-0.019867 
0.023956 
-0.114502 
-0.733215 
0.043579 
-0.166992 
-0.721420 
-1.086731 
-0.111633 
0.384092 
-0.116653 
0.671448 
0.453247 
-0.155975 
0.453491 
-0.866608 
-0.308029 
-0.350815 
0.805389 
0.455902 
0.050903 
-0.023041 
-0.979065 
-0.029236 
-0.724182 
-1.510681 
0.352234 
-0.553589 
0.948700 
0.026794 
-0.868591 
-0.293694 
-0.439819 
-0.517540 
-0.624878 
-1.112305 
-0.731384 
0.050888 
-1.226059 
0.348213 
0.176025 
-0.709305 
-0.263596 
0.942383 
-0.470978 
-0.107178 
-0.592804 
-0.414001 
0.018616 
-0.230957 
0.855743 
-1.270905 
-0.361694 
0.074646 
-0.788010 
-0.401489 
0.481079 
-0.575871 
-0.772690 
0.279680 
0.157806 
-0.124451 
0.372925 
-0.422249 
-0.085274 
1.561829 
0.462921 
0.115417 
0.570206 
-2.424377 
-0.284851 
0.320312 
-0.235535 
2.031616 
-0.060860 
-0.659027 
0.678810 
-0.910278 
-0.135712 
-0.214798 
0.549286 
-0.464050 
-0.465546 
0.312561 
0.360428 
-0.321472 
0.048584 
-0.031189 
0.075218 
-0.312004 
-0.037842 
0.693817 
-0.809570 
-0.563812 
-0.841003 
-0.934570 
0.222778 
-0.082031 
-0.062317 
0.118103 
-0.252258 
2.193115 
-0.022644 
-0.383179 
0.937469 
0.068573 
0.816284 
-1.024948 
0.064148 
-0.235504 
-0.343292 
0.053955 
-0.085938 
0.323242 
-0.271667 
-0.226196 
-0.575317 
0.214737 
0.277954 
0.167953 
-0.958862 
-0.650238 
-0.279297 
0.465271 
-0.521164 
0.264008 
-0.205780 
-0.234253 
0.062439 
0.012238 
-0.605347 
0.861694 
-0.413330 
-0.152496 
-0.430878 
-0.472229 
-1.885010 
0.320526 
0.615479 
-0.297974 
0.389832 
-0.368408 
0.206177 
0.244263 
-0.462219 
0.117432 
-0.493530 
-1.192444 
1.063232 
0.629150 
0.239136 
0.312500 
0.529480 
-0.450928 
-0.610962 
-0.943420 
-1.109863 
0.152832 
0.338867 
0.204346 
0.540649 
-0.195068 
-0.630432 
0.312500 
-0.063416 
0.606384 
-0.256714 
-0.439819 
-0.157959 
0.675110 
-0.064819 
0.650818 
-0.908081 
-0.581543 
-0.637085 
-0.578003 
-0.279541 
-0.273560 
0.253784 
0.084045 
-0.385254 
-1.631348 
-0.336060 
0.210938 
-0.250488 
0.833984 
-0.394958 
0.783569 
-0.289917 
0.307617 
0.618164 
0.573486 
-0.482178 
-1.111755 
0.826538 
0.408203 
0.254150 
0.577393 
0.740479 
-1.115234 
0.258057 
-0.439209 
0.036621 
0.016846 
-0.156738 
0.393311 
-0.606995 
-0.686646 
-0.437866 
-0.713623 
0.432007 
-0.090454 
0.613708 
0.456055 
-0.325745 
-0.829834 
0.663574 
0.137085 
0.041382 
0.244934 
0.331055 
0.028076 
0.173584 
0.067200 
-0.124023 
0.535645 
-0.533203 
-0.128906 
-0.997131 
-0.852295 
-0.140869 
0.226074 
-0.830933 
0.954956 
0.660645 
0.457520 
0.556396 
0.325912 
-0.102417 
-0.680054 
-0.215698 
-0.946533 
0.074341 
-0.088623 
0.139648 
0.241089 
-0.413940 
-0.333862 
0.040771 
0.554443 
-0.370239 
0.186890 
-0.099976 
-0.885742 
0.619873 
0.139160 
1.201538 
-0.682861 
-0.654114 
0.190674 
1.064453 
-0.292480 
-0.393860 
-0.208252 
0.123779 
-0.378052 
-0.218750 
0.035645 
-0.821167 
1.597778 
-0.975098 
-0.151123 
0.000732 
-0.740906 
0.154785 
0.804321 
0.634644 
0.076050 
-0.116943 
-0.453979 
0.384033 
0.419434 
-0.241699 
2.337646 
-0.017090 
0.020386 
0.718994 
-0.298950 
-0.071289 
0.324829 
0.458878 
-0.093750 
0.430420 
0.761414 
-0.694336 
-0.083740 
0.722656 
-0.135376 
0.468384 
0.382324 
0.505615 
0.596924 
-0.200317 
-0.611694 
-0.400146 
-0.377686 
-0.414307 
-0.424805 
-0.560059 
1.053711 
0.450684 
0.340454 
-0.398682 
0.343750 
0.264526 
-0.534668 
0.909912 
0.204102 
0.360596 
0.221436 
0.235718 
0.306396 
-0.705078 
0.805176 
-0.277832 
0.147217 
-0.020874 
0.680908 
-0.667236 
-0.152222 
0.873535 
-0.344482 
-0.198486 
-0.794922 
-1.047852 
0.707520 
0.418701 
0.169922 
-0.224365 
0.216064 
-0.351807 
-0.409912 
0.558838 
-0.489746 
-0.566040 
-0.311523 
-0.291382 
-0.251953 
0.861816 
0.074097 
1.039185 
-0.580200 
-0.743652 
0.772583 
-0.213867 
-0.352295 
0.112793 
0.009521 
-0.262329 
-0.417847 
0.153809 
-0.542725 
0.618164 
-0.526184 
-0.230591 
-0.907715 
-2.341064 
-0.554810 
-0.073242 
0.000244 
0.319824 
-0.280518 
-0.764282 
-0.190308 
-0.021484 
-1.199463 
-1.039429 
-0.949707 
-0.302612 
-0.685181 
0.776367 
0.413696 
-0.215881 
-0.125610 
-0.559204 
2.811401 
1.763916 
-0.314941 
-0.233643 
-0.576782 
-0.569336 
-0.044922 
-0.218628 
0.705566 
-0.122437 
0.086670 
-0.178711 
-0.124023 
0.919800 
0.704590 
0.349121 
-0.741699 
0.450439 
-0.028564 
0.960449 
1.061890 
-0.104065 
0.143555 
-0.208740 
-0.020264 
-0.209839 
-0.041016 
0.052002 
0.295166 
0.895996 
0.531860 
0.242432 
0.271484 
0.073608 
-0.796143 
0.376465 
0.878296 
-1.573364 
-0.603394 
-0.307983 
-0.283081 
0.019897 
-0.229919 
0.158691 
-0.602051 
-0.314575 
-0.265381 
-0.733276 
0.059204 
-0.933594 
-0.681030 
0.241577 
0.241211 
1.012695 
0.677246 
0.629150 
-0.951294 
-0.274902 
0.163208 
1.028320 
-0.286865 
-1.769287 
0.401855 
-0.049561 
-0.310547 
0.014404 
0.082031 
0.222900 
0.451172 
-0.208984 
-1.228760 
0.692200 
0.746216 
-0.220703 
0.621948 
0.468323 
0.024902 
-0.005920 
-1.366577 
-0.139038 
-0.145447 
-1.008545 
-0.260498 
0.647949 
1.016602 
-2.063110 
0.838379 
-0.279785 
0.299316 
-0.818115 
0.754028 
-0.096680 
-0.211792 
-0.006104 
-0.213379 
0.704834 
-0.257690 
-0.709717 
-1.202637 
0.503418 
0.237305 
0.636963 
-0.148438 
0.241699 
0.015137 
0.193481 
0.980225 
-0.031738 
-0.449341 
1.330566 
1.129761 
-0.225342 
-0.768066 
0.177002 
0.095215 
-0.235107 
0.190674 
1.088745 
-0.542358 
-0.693604 
-0.471924 
-0.163818 
1.103882 
-0.702393 
0.476562 
-0.470581 
0.590210 
-0.235596 
0.651123 
0.308105 
-0.285400 
0.149170 
0.386353 
-0.871826 
-0.700562 
-0.241638 
-0.400269 
-0.145752 
-0.788330 
0.008667 
0.784180 
0.438110 
1.383789 
0.119263 
-0.402222 
-0.108398 
-0.799316 
-0.571533 
-0.300293 
0.396729 
-1.004395 
-0.239990 
-0.008667 
-0.942383 
-1.023438 
-1.864014 
0.436890 
-0.004395 
0.090332 
-0.286499 
-0.147705 
-0.593750 
0.413574 
-0.665527 
1.015625 
-0.783691 
-0.306030 
-0.623291 
0.402832 
0.446777 
0.628418 
-0.078125 
-0.961182 
-0.433594 
-0.536133 
0.370239 
-0.511963 
-0.511719 
-1.000366 
1.534424 
0.085938 
0.499512 
-0.170410 
0.800293 
-0.108887 
0.137939 
0.949829 
-0.247070 
-0.587891 
0.374512 
-0.032471 
0.154053 
0.616089 
-0.374146 
-0.411743 
-0.593506 
-0.944824 
0.727051 
-1.145020 
0.691162 
0.173340 
-2.228394 
1.740723 
-0.443481 
1.008057 
-0.364380 
0.515625 
0.253906 
0.336548 
0.980835 
0.328125 
0.105225 
-0.445801 
-0.325806 
0.184326 
0.854858 
0.290283 
-0.504395 
0.443359 
0.009033 
-0.097168 
-0.756104 
-0.366699 
0.489990 
0.081055 
0.215088 
-0.054932 
-0.156982 
-0.731934 
-0.091064 
-0.166016 
1.027588 
0.674561 
0.542480 
0.057861 
-0.186768 
-0.283936 
1.260620 
-0.587402 
0.197266 
-1.150146 
-0.287842 
-0.213867 
1.033203 
-0.087158 
-0.758545 
0.001221 
0.638916 
-0.043457 
-1.515625 
-0.212402 
0.323486 
1.047363 
0.500732 
-0.711670 
-0.364502 
0.038574 
0.355469 
0.352783 
0.092773 
-0.242920 
0.000488 
-0.360352 
-0.230469 
-0.283203 
0.592285 
-0.545410 
-1.045654 
-0.976074 
0.549805 
-0.656006 
0.341064 
0.435547 
-0.785400 
0.094238 
-0.005859 
0.552490 
0.241699 
-0.230225 
1.251465 
0.022705 
-0.396484 
1.135498 
0.375732 
0.265625 
0.743164 
-1.056885 
-0.676758 
0.724854 
0.711914 
-0.255859 
0.495117 
0.566895 
-0.241699 
0.064941 
-0.291748 
0.374023 
0.528564 
-0.198975 
-0.506836 
0.049561 
0.356934 
0.044678 
-0.378174 
0.125488 
1.464111 
0.550293 
-0.593018 
-0.135986 
-0.216553 
-0.329346 
-0.969238 
-0.544678 
0.188721 
0.752441 
-0.159424 
-0.072266 
0.371338 
0.733643 
-0.401123 
0.186768 
-0.603760 
-0.141357 
0.032715 
0.617676 
0.115479 
0.107178 
0.478027 
-0.125732 
0.097656 
1.909424 
0.500000 
0.383301 
0.853760 
-0.169678 
-0.383789 
0.733887 
-0.205078 
-1.042725 
0.544434 
0.081543 
0.379150 
0.013184 
0.992920 
0.309204 
0.083496 
-0.258057 
0.423584 
0.817139 
0.348633 
-0.356934 
-0.865234 
0.230225 
-0.160400 
-0.281494 
0.073730 
-0.515381 
-0.681396 
-0.097168 
1.222046 
-0.192627 
0.640381 
-1.592529 
0.658447 
-0.781494 
0.452148 
0.145020 
-0.177002 
-0.194336 
-0.056885 
0.098877 
-0.822266 
-0.180664 
-0.271118 
-0.019287 
-0.028076 
-0.252930 
-0.769775 
0.355713 
1.160156 
0.390869 
0.611816 
0.142334 
-0.906738 
-0.353027 
-0.714111 
0.356934 
-0.492432 
0.609619 
0.013916 
0.201660 
-0.437256 
-0.168945 
-1.014648 
0.804932 
-0.482788 
-0.716553 
-0.269775 
0.193359 
-0.834229 
0.381836 
-0.289795 
0.905029 
-0.613037 
0.576172 
1.429688 
0.800293 
0.679199 
-0.472168 
-0.782715 
-0.496338 
-0.208008 
-0.839355 
0.161377 
0.193359 
-0.385254 
-0.424072 
-0.146484 
-0.138184 
0.127319 
-0.024658 
0.215820 
0.113770 
0.196777 
-0.679199 
0.417969 
0.500488 
0.264038 
0.804443 
0.442383 
0.481201 
-0.032471 
-0.334961 
-0.992432 
-0.259521 
0.743652 
0.594482 
0.547607 
-1.145996 
-0.763184 
-0.095215 
0.797607 
1.410156 
-0.554688 
0.305908 
-0.357422 
-0.143799 
0.250244 
-0.319824 
1.047974 
-0.533691 
0.668457 
-0.183594 
-0.907715 
1.134277 
-0.092529 
-0.291992 
0.762573 
-0.570801 
0.081299 
-0.914795 
0.003906 
0.364258 
-1.009521 
0.495605 
-0.126221 
-0.653076 
0.760010 
-0.112305 
-0.261475 
0.151611 
0.779053 
0.504395 
0.269043 
-0.056641 
0.612549 
-0.363037 
-0.313477 
-0.001465 
-0.837891 
0.914062 
0.112915 
0.716309 
0.365723 
0.326050 
-0.831055 
-0.312988 
-0.910889 
2.594238 
-0.017090 
-0.229492 
-1.056152 
0.796875 
-0.149658 
-0.879639 
0.578857 
1.462891 
0.266113 
0.194580 
-0.938965 
0.524658 
-0.589111 
0.542480 
0.961914 
0.233887 
0.788330 
-0.360596 
-0.204102 
-0.578857 
-0.005859 
0.321289 
0.348633 
0.223633 
-0.473145 
-0.513672 
-0.014404 
